.’,;,, , ις

Ι ΕιιΜειτΑΡηοτιοκιιιι. “

‘'[ib.·Diam. '

“11303‘59‘

1 1139 39 43197 38 3879 8ἓ ’,4393
{1343ss 31 3141 39 38938 443

&mmmm -

39 3391 67 4961 94 4346

. 13 3389 40 ‘3419 68 4081 95 4562
-. 13 1331 413448 69 4191964373
14 1419 41 3476179 4111 97 4394

.. ¹ 16 2519, 44 3530 72 4160 99 ‚4625
,ι -, 373371 43 3336 73 4179 1994641

181619 46 ἑ3383 74 4198 19334717

1466 43 3393 71 4149 98 4619 -

19 2567 47 v3608 75 4217 *1104791 .

1ο 1714 48 3634 76 4136 1134861
11 1733 49 43639 77 4134 1198939· .

. 33 2800 50 3684 78 4373 125 5000 .
·‚0Qsswmmmm

24 3884 333733 80 4308 13515129

{g 2924 3313736 81 4325 1405192 “’
2⁷ 38 3 33 3 33 4343 ·
1313936 3613813 4 4 ⁸

 

